234000
209000
192000
164000
139000
174000
180000
156000
161000
158000
187000
154000
140000
130000
121000
218000
215000
190000
168000
162000
198000
175000
175000
164000
152000
142000
158000
136000
115000
104000
194000
207000
201000
163000
159000
128000
177000
166000
166000
147000
162000
144000
135000
129000
120000
220000
193000
185000
132000
138000
165000
170000
156000
160000
141000
159000
157000
143000
118000
119000
207000
222000
165000
165000
115000
166000
155000
156000
136000
160000
152000
163000
126000
110000
215000
191000
192000
188000
141000
193000
180000
162000
159000
192000
162000
143000
139000
118000
211000
196000
192000
147000
155000
194000
173000
167000
143000
179000
148000
142000
118000
119000
206000
205000
177000
122000
180000
191000
158000
154000
173000
172000
136000
119000
117000
215000
207000
187000
156000
145000
176000
154000
151000
135000
175000
164000
147000
120000
124000
223000
184000
188000
158000
140000
175000
165000
151000
149000
166000
140000
128000
125000
223000
221000
184000
146000
128000
179000
170000
149000
152000
164000
133000
126000
126000
208000
193000
184000
165000
150000
185000
181000
156000
146000
191000
151000
146000
117000
124000
210000
198000
183000
156000
142000
165000
171000
157000
138000
152000
138000
138000
105000
94000
204000
201000
185000
179000
132000
180000
169000
165000
158000
134000
178000
141000
124000
126000
220000
203000
197000
172000
156000
197000
175000
167000
159000
148000
188000
151000
146000
123000
115000
207000
201000
176000
161000
132000
156000
155000
147000
142000
170000
152000
129000
121000
206000
208000
178000
156000
134000
173000
176000
149000
150000
193000
172000
148000
130000
125000
101000
208000
193000
161000
141000
184000
169000
154000
152000
186000
128000
108000
102000
206000
192000
152000
159000
140000
192000
178000
155000
163000
138000
183000
181000
149000
133000
112000
219000
200000
231000
192000
158000
133000
174000
170000
157000
135000
158000
152000
123000
128000
203000
212000
180000
154000
132000
190000
170000
161000
149000
141000
181000
150000
141000
120000
111000
205000
189000
175000
154000
191000
175000
153000
154000
142000
157000
158000
120000
119000
205000
201000
180000
145000
137000
189000
163000
164000
139000
180000
146000
119000
88000
95000
209000
182000
145000
153000
202000
178000
171000
148000
139000
185000
158000
141000
136000
105000
219000
183000
176000
142000
174000
174000
174000
152000
147000
179000
147000
142000
105000
214000
188000
181000
158000
182000
155000
145000
143000
140000
187000
156000
139000
139000
123000
214000
195000
186000
173000
143000
179000
164000
172000
158000
175000
179000
150000
137000
124000
105000
215000
192000
186000
145000
161000
170000
169000
147000
180000
155000
138000
120000
123000
213000
185000
172000
157000
184000
165000
154000
151000
179000
178000
133000
137000
126000
195000
187000
180000
155000
185000
175000
165000
151000
142000
183000
138000
139000
129000
91000
189000
164000
188000
140000
149000
190000
163000
156000
149000
174000
155000
141000
119000
110000
216000
190000
161000
127000
179000
182000
167000
151000
137000
181000
153000
147000
119000
124000
212000
203000
180000
176000
135000
167000
174000
157000
166000
141000
183000
160000
116000
128000
91000
165000
194000
190000
135000
186000
171000
158000
166000
136000
183000
141000
131000
115000
214000
196000
188000
141000
152000
185000
160000
165000
155000
148000
184000
141000
127000
117000
194000
209000
199000
159000
146000
173000
171000
150000
149000
193000
122000
113000
106000
109000
207000
203000
173000
151000
196000
176000
170000
145000
144000
189000
159000
146000
118000
121000
203000
196000
190000
146000
132000
181000
154000
155000
121000
170000
156000
139000
136000
114000
217000
199000
186000
176000
152000
182000
157000
161000
140000
172000
138000
155000
106000
97000
194000
175000
184000
137000
146000
185000
165000
167000
157000
182000
170000
156000
115000
120000
196000
205000
172000
174000
129000
173000
162000
169000
136000
172000
152000
131000
130000
122000
216000
186000
176000
153000
187000
165000
142000
137000
128000
177000
142000
132000
122000
112000
206000
191000
182000
152000
145000
182000
163000
158000
143000
170000
171000
151000
123000
115000
107000
215000
214000
183000
159000
172000
162000
158000
143000
186000
184000
144000
112000
130000
94000
193000
156000
157000
125000
170000
162000
145000
148000
189000
144000
146000
129000
116000
201000
199000
193000
168000
142000
182000
160000
156000
144000
185000
165000
136000
120000
108000
204000
205000
180000
154000
143000
155000
164000
160000
126000
159000
145000
117000
131000
121000
200000
182000
176000
175000
140000
169000
170000
148000
129000
181000
161000
130000
123000
112000
206000
193000
180000
143000
187000
171000
149000
148000
191000
183000
143000
139000
113000
205000
199000
187000
144000
123000
160000
147000
138000
124000
183000
146000
131000
96000
208000
195000
189000
172000
149000
180000
156000
156000
132000
177000
159000
131000
125000
203000
216000
187000
179000
142000
191000
171000
144000
158000
150000
171000
150000
134000
132000
122000
209000
188000
182000
131000
163000
167000
145000
141000
122000
170000
152000
132000
122000
199000
194000
185000
160000
143000
173000
159000
151000
133000
175000
171000
130000
122000
105000
211000
186000
181000
146000
171000
169000
147000
152000
158000
133000
113000
120000
119000
111000
206000
203000
173000
151000
182000
172000
165000
149000
141000
183000
137000
125000
107000
199000
205000
189000
164000
154000
172000
174000
173000
146000
158000
183000
165000
149000
114000
119000
210000
193000
187000
172000
150000
188000
158000
158000
146000
180000
141000
122000
124000
125000
115000
204000
193000
143000
155000
166000
159000
196000
149000
184000
170000
127000
139000
101000
211000
196000
183000
141000
184000
169000
159000
148000
141000
184000
147000
134000
100000
201000
195000
178000
162000
113000
151000
144000
147000
143000
186000
143000
136000
118000
212000
194000
182000
173000
146000
169000
158000
150000
153000
179000
159000
127000
103000
88000
187000
192000
193000
145000
171000
178000
160000
149000
145000
185000
130000
126000
108000
89000
186000
190000
165000
