AA 55 00 20 02 01 01 00 01 78 0A 0A 0A 01 3F 10 68 10 68 10 68 00 00 00 00 00 00 00 00 10 00 00 00 00 00 00 9E EF
AA 55 00 20 02 01 01 00 02 78 0A 0E 00 00 25 10 68 10 68 10 68 05 10 00 10 00 00 00 20 00 10 01 20 10 10 00 B4 3B
AA 55 00 20 02 01 01 00 03 78 0B 0F 0A 01 1A 10 68 10 68 10 68 06 20 10 20 10 10 10 10 00 00 00 10 20 00 00 86 20
AA 55 00 20 02 01 01 00 04 78 0C 10 0B 01 3F 13 EC 13 EC 13 EC 09 30 10 00 00 10 00 00 00 00 00 00 00 00 00 B2 5C
AA 55 00 20 02 01 01 00 05 78 0D 20 0C 01 3F 10 68 10 68 10 68 0C 40 20 50 20 20 20 20 00 10 00 00 30 30 00 85 BF
AA 55 00 20 02 01 01 00 06 78 0E 12 0D 01 3F 10 68 10 68 10 68 0F 50 00 00 00 00 00 10 00 20 00 20 00 00 00 EC 7C
AA 55 00 20 02 01 01 00 07 78 0F 15 0E 01 3F 12 C0 12 C0 12 C0 00 60 30 00 00 00 00 00 00 00 01 00 00 00 00 9E 9A
AA 55 00 20 02 01 01 00 08 78 10 0A 1A 01 3F 10 68 10 68 10 68 0F 70 00 00 30 10 20 00 00 00 00 30 10 20 00 11 D5
AA 55 00 20 02 01 01 00 10 78 11 0C 1A 01 3F 10 68 00 00 10 68 05 80 40 60 00 00 00 40 00 30 00 00 00 00 00 20 C7
AA 55 00 20 02 01 01 00 11 78 12 0F 1B 01 3F 10 68 10 68 10 68 06 50 00 00 00 00 20 00 00 00 00 10 40 00 00 C5 44
AA 55 00 20 02 01 01 00 12 78 13 0B 1C 01 3F 00 00 10 68 10 68 00 60 00 10 30 40 50 20 00 10 00 00 00 10 00 02 E4
AA 55 00 20 02 01 01 00 13 78 14 0A 0A 01 3F 10 68 10 68 00 00 0F 20 00 00 00 00 00 00 10 00 01 50 50 00 00 81 FD
AA 55 00 20 02 01 01 00 14 78 15 1E 0A 01 3F 12 C0 00 00 00 00 0C 00 50 20 10 30 20 00 00 00 00 00 00 30 00 C3 CD
AA 55 00 20 02 01 01 00 15 78 16 1A 0A 01 3F 10 68 00 00 00 00 09 10 00 00 00 00 00 30 20 00 01 00 60 00 00 FE 99
AA 55 00 20 02 01 01 00 16 78 00 1C 0B 01 3F 10 68 10 68 10 68 06 00 80 00 10 00 10 00 00 00 00 10 00 10 00 CA EA
AA 55 00 20 02 01 01 00 17 78 0F 1B 0A 01 3F 10 25 10 25 10 25 05 50 00 00 00 00 00 20 10 20 00 00 70 00 00 8E 02
AA 55 00 20 02 01 01 00 18 78 10 1E 0A 01 3F 00 68 00 68 00 68 0F 20 30 60 00 00 00 00 40 00 00 00 00 20 00 56 55
AA 55 00 20 02 01 01 00 19 78 0C 0C 0F 01 3F 10 00 10 00 10 00 00 70 00 00 00 00 00 10 00 30 01 20 20 00 00 FC 88
AA 55 00 20 02 01 01 00 20 78 0F 00 0F 01 3F 13 EC 13 EC 13 EC 0F 80 20 30 20 00 20 30 00 00 00 00 00 00 00 30 22
AA 55 00 20 02 01 01 00 21 78 0B 0E 1A 01 3F 10 68 10 68 10 68 05 00 00 10 00 00 10 20 00 00 00 10 30 10 00 BA 12